0.080000 4.020365 5.923547 6.235445 8.194221
0.087318 3.470275 5.364346 5.676395 7.626016
0.094637 3.006262 4.890528 5.202740 7.142508
0.101955 2.609852 4.483642 4.796031 6.725274
0.109273 2.267517 4.130187 4.442765 6.360834
0.116591 1.969122 3.820053 4.132834 6.039107
0.123910 1.706925 3.545526 3.858521 5.752405
0.131228 1.474907 3.300615 3.613837 5.494765
0.138546 1.268317 3.080598 3.394059 5.261493
0.145865 1.083357 2.881705 3.195418 5.048850
0.153183 0.916952 2.700890 3.014867 4.853817
0.160501 0.766583 2.535665 2.849918 4.673939
0.167820 0.630172 2.383981 2.698522 4.507193
0.175138 0.505982 2.244132 2.558973 4.351904
0.182456 0.392557 2.114689 2.429841 4.206673
0.189774 0.288661 1.994447 2.309922 4.070324
0.197093 0.193241 1.882381 2.198190 3.941860
0.204411 0.105393 1.777614 2.093769 3.820433
0.211729 0.024336 1.679395 1.995907 3.705319
0.219048 -0.050607 1.587073 1.903953 3.595893
0.226366 -0.120027 1.500082 1.817341 3.491617
0.233684 -0.184443 1.417931 1.735578 3.392023
0.241003 -0.244310 1.340187 1.658234 3.296705
0.248321 -0.300031 1.266470 1.584928 3.205305
0.255639 -0.351965 1.196446 1.515324 3.117512
0.262957 -0.400429 1.129817 1.449126 3.033049
0.270276 -0.445710 1.066319 1.386068 2.951672
0.277594 -0.488061 1.005717 1.325916 2.873166
0.284912 -0.527713 0.947798 1.268458 2.797338
0.292231 -0.564873 0.892375 1.213504 2.724016
0.299549 -0.599727 0.839276 1.160884 2.653045
0.306867 -0.632444 0.788348 1.110443 2.584287
0.314185 -0.663180 0.739451 1.062042 2.517618
0.321504 -0.692072 0.692458 1.015555 2.452923
0.328822 -0.719251 0.647254 0.970865 2.390100
0.336140 -0.744831 0.603735 0.927869 2.329056
0.343459 -0.768920 0.561804 0.886469 2.269704
0.350777 -0.791616 0.521373 0.846577 2.211968
0.358095 -0.813008 0.482361 0.808112 2.155774
0.365414 -0.833180 0.444694 0.771000 2.101057
0.372732 -0.852207 0.408304 0.735173 2.047755
0.380050 -0.870160 0.373126 0.700565 1.995812
0.387368 -0.887104 0.339102 0.667119 1.945175
0.394687 -0.903100 0.306178 0.634780 1.895795
0.402005 -0.918201 0.274303 0.603496 1.847626
0.409323 -0.932461 0.243429 0.573222 1.800625
0.416642 -0.945928 0.213513 0.543912 1.754752
0.423960 -0.958645 0.184514 0.515525 1.709969
0.431278 -0.970654 0.156393 0.488023 1.666241
0.438596 -0.981994 0.129114 0.461369 1.623534
0.445915 -0.992701 0.102643 0.435531 1.581817
0.453233 -1.002809 0.076949 0.410475 1.541059
0.460551 -1.012349 0.052002 0.386171 1.501231
0.467870 -1.021351 0.027773 0.362593 1.462308
0.475188 -1.029841 0.004236 0.339711 1.424262
0.482506 -1.037847 -0.018634 0.317503 1.387070
0.489825 -1.045392 -0.040861 0.295942 1.350707
0.497143 -1.052499 -0.062468 0.275008 1.315152
0.504461 -1.059190 -0.083476 0.254678 1.280383
0.511779 -1.065485 -0.103906 0.234932 1.246379
0.519098 -1.071403 -0.123776 0.215751 1.213121
0.526416 -1.076962 -0.143105 0.197115 1.180590
0.533734 -1.082179 -0.161911 0.179008 1.148766
0.541053 -1.087070 -0.180210 0.161412 1.117633
0.548371 -1.091651 -0.198019 0.144311 1.087174
0.555689 -1.095935 -0.215353 0.127691 1.057372
0.563008 -1.099937 -0.232227 0.111535 1.028211
0.570326 -1.103670 -0.248654 0.095831 0.999676
0.577644 -1.107145 -0.264648 0.080564 0.971752
0.584962 -1.110374 -0.280222 0.065721 0.944424
0.592281 -1.113369 -0.295390 0.051290 0.917679
0.599599 -1.116140 -0.310162 0.037259 0.891503
0.606917 -1.118698 -0.324550 0.023615 0.865882
0.614236 -1.121051 -0.338566 0.010348 0.840804
0.621554 -1.123210 -0.352221 -0.002553 0.816255
0.628872 -1.125182 -0.365524 -0.015098 0.792225
0.636190 -1.126976 -0.378487 -0.027299 0.768700
0.643509 -1.128600 -0.391118 -0.039164 0.745669
0.650827 -1.130062 -0.403427 -0.050703 0.723121
0.658145 -1.131369 -0.415424 -0.061926 0.701044
0.665464 -1.132528 -0.427117 -0.072841 0.679428
0.672782 -1.133545 -0.438515 -0.083457 0.658261
0.680100 -1.134427 -0.449626 -0.093782 0.637534
0.687419 -1.135180 -0.460459 -0.103824 0.617236
0.694737 -1.135810 -0.471020 -0.113592 0.597357
0.702055 -1.136322 -0.481319 -0.123093 0.577887
0.709373 -1.136721 -0.491362 -0.132335 0.558818
0.716692 -1.137014 -0.501156 -0.141324 0.540138
0.724010 -1.137203 -0.510709 -0.150068 0.521840
0.731328 -1.137295 -0.520027 -0.158574 0.503914
0.738647 -1.137294 -0.529117 -0.166847 0.486351
0.745965 -1.137204 -0.537985 -0.174896 0.469144
0.753283 -1.137028 -0.546638 -0.182725 0.452282
0.760602 -1.136772 -0.555081 -0.190341 0.435759
0.767920 -1.136438 -0.563321 -0.197750 0.419566
0.775238 -1.136030 -0.571362 -0.204957 0.403695
0.782556 -1.135552 -0.579212 -0.211969 0.388139
0.789875 -1.135007 -0.586875 -0.218791 0.372890
0.797193 -1.134398 -0.594356 -0.225427 0.357941
0.804511 -1.133728 -0.601660 -0.231883 0.343284
0.811830 -1.132999 -0.608792 -0.238164 0.328913
0.819148 -1.132216 -0.615758 -0.244275 0.314820
0.826466 -1.131380 -0.622562 -0.250220 0.301000
0.833784 -1.130493 -0.629207 -0.256004 0.287445
0.841103 -1.129559 -0.635699 -0.261631 0.274150
0.848421 -1.128579 -0.642042 -0.267106 0.261108
0.855739 -1.127556 -0.648240 -0.272433 0.248313
0.863058 -1.126492 -0.654297 -0.277615 0.235760
0.870376 -1.125388 -0.660216 -0.282657 0.223443
0.877694 -1.124248 -0.666002 -0.287562 0.211356
0.885013 -1.123072 -0.671658 -0.292334 0.199494
0.892331 -1.121862 -0.677187 -0.296976 0.187851
0.899649 -1.120621 -0.682593 -0.301493 0.176424
0.906967 -1.119349 -0.687880 -0.305886 0.165206
0.914286 -1.118049 -0.693049 -0.310160 0.154194
0.921604 -1.116721 -0.698105 -0.314318 0.143382
0.928922 -1.115368 -0.703051 -0.318362 0.132767
0.936241 -1.113990 -0.707889 -0.322295 0.122343
0.943559 -1.112590 -0.712621 -0.326121 0.112107
0.950877 -1.111168 -0.717252 -0.329842 0.102054
0.958195 -1.109725 -0.721783 -0.333461 0.092181
0.965514 -1.108264 -0.726216 -0.336979 0.082484
0.972832 -1.106784 -0.730555 -0.340401 0.072959
0.980150 -1.105287 -0.734801 -0.343727 0.063603
0.987469 -1.103774 -0.738958 -0.346961 0.054412
0.994787 -1.102247 -0.743026 -0.350105 0.045383
1.002105 -1.100706 -0.747009 -0.353161 0.036512
1.009424 -1.099151 -0.750908 -0.356130 0.027797
1.016742 -1.097585 -0.754725 -0.359016 0.019234
1.024060 -1.096008 -0.758462 -0.361820 0.010820
1.031378 -1.094421 -0.762122 -0.364543 0.002554
1.038697 -1.092824 -0.765705 -0.367189 -0.005569
1.046015 -1.091219 -0.769214 -0.369758 -0.013551
1.053333 -1.089607 -0.772651 -0.372253 -0.021393
1.060652 -1.087987 -0.776016 -0.374675 -0.029100
1.067970 -1.086362 -0.779312 -0.377025 -0.036673
1.075288 -1.084731 -0.782540 -0.379306 -0.044115
1.082607 -1.083095 -0.785702 -0.381519 -0.051427
1.089925 -1.081455 -0.788799 -0.383666 -0.058613
1.097243 -1.079813 -0.791833 -0.385748 -0.065673
1.104561 -1.078167 -0.794805 -0.387766 -0.072611
1.111880 -1.076520 -0.797716 -0.389722 -0.079429
1.119198 -1.074871 -0.800567 -0.391617 -0.086128
1.126516 -1.073221 -0.803360 -0.393452 -0.092709
1.133835 -1.071571 -0.806097 -0.395230 -0.099176
1.141153 -1.069922 -0.808777 -0.396950 -0.105530
1.148471 -1.068274 -0.811404 -0.398615 -0.111773
1.155789 -1.066627 -0.813976 -0.400226 -0.117906
1.163108 -1.064982 -0.816497 -0.401783 -0.123930
1.170426 -1.063340 -0.818966 -0.403288 -0.129849
1.177744 -1.061701 -0.821385 -0.404741 -0.135662
1.185063 -1.060066 -0.823755 -0.406145 -0.141373
1.192381 -1.058434 -0.826076 -0.407500 -0.146982
1.199699 -1.056807 -0.828351 -0.408808 -0.152490
1.207018 -1.055186 -0.830579 -0.410068 -0.157900
1.214336 -1.053569 -0.832762 -0.411283 -0.163212
1.221654 -1.051959 -0.834901 -0.412452 -0.168429
1.228972 -1.050354 -0.836996 -0.413578 -0.173550
1.236291 -1.048757 -0.839048 -0.414661 -0.178579
1.243609 -1.047166 -0.841059 -0.415701 -0.183515
1.250927 -1.045583 -0.843029 -0.416701 -0.188361
1.258246 -1.044008 -0.844958 -0.417660 -0.193117
1.265564 -1.042441 -0.846848 -0.418580 -0.197786
1.272882 -1.040882 -0.848700 -0.419461 -0.202367
1.280201 -1.039332 -0.850514 -0.420304 -0.206862
1.287519 -1.037792 -0.852290 -0.421110 -0.211273
1.294837 -1.036261 -0.854031 -0.421880 -0.215600
1.302155 -1.034739 -0.855735 -0.422615 -0.219845
1.309474 -1.033228 -0.857405 -0.423315 -0.224009
1.316792 -1.031727 -0.859041 -0.423981 -0.228093
1.324110 -1.030237 -0.860643 -0.424613 -0.232097
1.331429 -1.028758 -0.862212 -0.425214 -0.236024
1.338747 -1.027290 -0.863748 -0.425782 -0.239874
1.346065 -1.025833 -0.865253 -0.426319 -0.243648
1.353383 -1.024388 -0.866728 -0.426826 -0.247347
1.360702 -1.022954 -0.868171 -0.427304 -0.250973
1.368020 -1.021533 -0.869585 -0.427752 -0.254526
1.375338 -1.020124 -0.870970 -0.428171 -0.258007
1.382657 -1.018727 -0.872326 -0.428563 -0.261417
1.389975 -1.017343 -0.873654 -0.428928 -0.264757
1.397293 -1.015972 -0.874954 -0.429265 -0.268029
1.404612 -1.014614 -0.876227 -0.429577 -0.271232
1.411930 -1.013269 -0.877474 -0.429864 -0.274369
1.419248 -1.011937 -0.878695 -0.430125 -0.277439
1.426566 -1.010618 -0.879890 -0.430362 -0.280445
1.433885 -1.009313 -0.881061 -0.430576 -0.283386
1.441203 -1.008021 -0.882207 -0.430766 -0.286264
1.448521 -1.006743 -0.883329 -0.430933 -0.289079
1.455840 -1.005479 -0.884428 -0.431079 -0.291833
1.463158 -1.004229 -0.885503 -0.431202 -0.294526
1.470476 -1.002993 -0.886557 -0.431305 -0.297159
1.477794 -1.001771 -0.887587 -0.431386 -0.299734
1.485113 -1.000563 -0.888597 -0.431448 -0.302250
1.492431 -0.999369 -0.889585 -0.431490 -0.304709
1.499749 -0.998189 -0.890552 -0.431512 -0.307111
1.507068 -0.997024 -0.891499 -0.431516 -0.309458
1.514386 -0.995873 -0.892426 -0.431502 -0.311750
1.521704 -0.994736 -0.893333 -0.431469 -0.313988
1.529023 -0.993614 -0.894221 -0.431419 -0.316173
1.536341 -0.992506 -0.895090 -0.431352 -0.318305
1.543659 -0.991412 -0.895941 -0.431268 -0.320386
1.550977 -0.990333 -0.896774 -0.431168 -0.322416
1.558296 -0.989268 -0.897588 -0.431053 -0.324395
1.565614 -0.988218 -0.898386 -0.430921 -0.326326
1.572932 -0.987181 -0.899167 -0.430775 -0.328207
1.580251 -0.986159 -0.899931 -0.430614 -0.330041
1.587569 -0.985152 -0.900678 -0.430439 -0.331828
1.594887 -0.984158 -0.901410 -0.430250 -0.333568
1.602206 -0.983179 -0.902126 -0.430047 -0.335263
1.609524 -0.982214 -0.902827 -0.429831 -0.336913
1.616842 -0.981263 -0.903512 -0.429602 -0.338519
1.624160 -0.980326 -0.904183 -0.429360 -0.340081
1.631479 -0.979403 -0.904839 -0.429106 -0.341600
1.638797 -0.978494 -0.905482 -0.428840 -0.343077
1.646115 -0.977599 -0.906110 -0.428563 -0.344512
1.653434 -0.976718 -0.906725 -0.428274 -0.345907
1.660752 -0.975850 -0.907327 -0.427974 -0.347262
1.668070 -0.974996 -0.907915 -0.427664 -0.348577
1.675388 -0.974156 -0.908491 -0.427343 -0.349854
1.682707 -0.973328 -0.909054 -0.427012 -0.351092
1.690025 -0.972515 -0.909606 -0.426672 -0.352293
1.697343 -0.971714 -0.910145 -0.426321 -0.353457
1.704662 -0.970927 -0.910672 -0.425962 -0.354584
1.711980 -0.970152 -0.911188 -0.425593 -0.355676
1.719298 -0.969391 -0.911693 -0.425216 -0.356734
1.726617 -0.968642 -0.912186 -0.424830 -0.357756
1.733935 -0.967906 -0.912669 -0.424435 -0.358745
1.741253 -0.967183 -0.913141 -0.424033 -0.359701
1.748571 -0.966472 -0.913603 -0.423623 -0.360624
1.755890 -0.965773 -0.914055 -0.423205 -0.361515
1.763208 -0.965087 -0.914497 -0.422780 -0.362375
1.770526 -0.964413 -0.914929 -0.422348 -0.363204
1.777845 -0.963750 -0.915352 -0.421910 -0.364002
1.785163 -0.963100 -0.915765 -0.421464 -0.364771
1.792481 -0.962461 -0.916169 -0.421012 -0.365510
1.799799 -0.961834 -0.916564 -0.420554 -0.366221
1.807118 -0.961218 -0.916951 -0.420089 -0.366904
1.814436 -0.960614 -0.917329 -0.419619 -0.367559
1.821754 -0.960021 -0.917698 -0.419143 -0.368187
1.829073 -0.959438 -0.918060 -0.418662 -0.368789
1.836391 -0.958867 -0.918413 -0.418175 -0.369364
1.843709 -0.958306 -0.918758 -0.417683 -0.369914
1.851028 -0.957756 -0.919096 -0.417187 -0.370439
1.858346 -0.957217 -0.919426 -0.416685 -0.370939
1.865664 -0.956688 -0.919749 -0.416179 -0.371416
1.872982 -0.956169 -0.920065 -0.415669 -0.371869
1.880301 -0.955660 -0.920373 -0.415154 -0.372298
1.887619 -0.955161 -0.920675 -0.414635 -0.372705
1.894937 -0.954672 -0.920970 -0.414113 -0.373090
1.902256 -0.954192 -0.921258 -0.413586 -0.373453
1.909574 -0.953722 -0.921540 -0.413056 -0.373795
1.916892 -0.953261 -0.921815 -0.412522 -0.374116
1.924211 -0.952810 -0.922084 -0.411986 -0.374417
1.931529 -0.952367 -0.922347 -0.411445 -0.374698
1.938847 -0.951934 -0.922604 -0.410902 -0.374959
1.946165 -0.951509 -0.922856 -0.410356 -0.375201
1.953484 -0.951093 -0.923101 -0.409807 -0.375424
1.960802 -0.950685 -0.923341 -0.409255 -0.375629
1.968120 -0.950286 -0.923576 -0.408701 -0.375816
1.975439 -0.949895 -0.923805 -0.408145 -0.375986
1.982757 -0.949512 -0.924029 -0.407586 -0.376138
1.990075 -0.949137 -0.924248 -0.407025 -0.376274
1.997393 -0.948770 -0.924462 -0.406461 -0.376394
2.004712 -0.948411 -0.924671 -0.405896 -0.376497
2.012030 -0.948059 -0.924876 -0.405329 -0.376585
2.019348 -0.947714 -0.925075 -0.404761 -0.376657
2.026667 -0.947377 -0.925270 -0.404190 -0.376715
2.033985 -0.947047 -0.925461 -0.403618 -0.376758
2.041303 -0.946724 -0.925647 -0.403045 -0.376786
2.048622 -0.946408 -0.925829 -0.402470 -0.376801
2.055940 -0.946099 -0.926006 -0.401894 -0.376802
2.063258 -0.945797 -0.926180 -0.401317 -0.376790
2.070576 -0.945501 -0.926350 -0.400739 -0.376765
2.077895 -0.945211 -0.926515 -0.400160 -0.376728
2.085213 -0.944928 -0.926677 -0.399580 -0.376678
2.092531 -0.944651 -0.926835 -0.398999 -0.376616
2.099850 -0.944380 -0.926990 -0.398418 -0.376542
2.107168 -0.944115 -0.927140 -0.397835 -0.376457
2.114486 -0.943856 -0.927288 -0.397253 -0.376361
2.121805 -0.943603 -0.927432 -0.396669 -0.376254
2.129123 -0.943355 -0.927572 -0.396086 -0.376136
2.136441 -0.943113 -0.927709 -0.395502 -0.376008
2.143759 -0.942876 -0.927843 -0.394917 -0.375870
2.151078 -0.942644 -0.927974 -0.394333 -0.375722
2.158396 -0.942418 -0.928102 -0.393748 -0.375565
2.165714 -0.942196 -0.928227 -0.393164 -0.375398
2.173033 -0.941980 -0.928349 -0.392579 -0.375223
2.180351 -0.941768 -0.928468 -0.391995 -0.375038
2.187669 -0.941562 -0.928584 -0.391410 -0.374845
2.194987 -0.941360 -0.928697 -0.390826 -0.374644
2.202306 -0.941162 -0.928808 -0.390242 -0.374434
2.209624 -0.940969 -0.928916 -0.389658 -0.374217
2.216942 -0.940781 -0.929022 -0.389075 -0.373992
2.224261 -0.940597 -0.929125 -0.388492 -0.373760
2.231579 -0.940417 -0.929226 -0.387909 -0.373521
2.238897 -0.940241 -0.929324 -0.387327 -0.373274
2.246216 -0.940069 -0.929420 -0.386746 -0.373021
2.253534 -0.939901 -0.929514 -0.386165 -0.372761
2.260852 -0.939737 -0.929605 -0.385585 -0.372494
2.268170 -0.939577 -0.929695 -0.385006 -0.372222
2.275489 -0.939420 -0.929782 -0.384427 -0.371943
2.282807 -0.939268 -0.929867 -0.383849 -0.371659
2.290125 -0.939118 -0.929950 -0.383272 -0.371368
2.297444 -0.938973 -0.930031 -0.382696 -0.371073
2.304762 -0.938830 -0.930110 -0.382120 -0.370772
2.312080 -0.938691 -0.930187 -0.381546 -0.370466
2.319398 -0.938555 -0.930262 -0.380973 -0.370154
2.326717 -0.938423 -0.930336 -0.380400 -0.369839
2.334035 -0.938293 -0.930408 -0.379829 -0.369518
2.341353 -0.938166 -0.930478 -0.379259 -0.369193
2.348672 -0.938043 -0.930546 -0.378689 -0.368863
2.355990 -0.937922 -0.930613 -0.378122 -0.368529
2.363308 -0.937805 -0.930678 -0.377555 -0.368191
2.370627 -0.937690 -0.930741 -0.376989 -0.367850
2.377945 -0.937577 -0.930803 -0.376425 -0.367504
2.385263 -0.937468 -0.930864 -0.375862 -0.367155
2.392581 -0.937361 -0.930923 -0.375300 -0.366802
2.399900 -0.937256 -0.930980 -0.374740 -0.366446
2.407218 -0.937154 -0.931036 -0.374181 -0.366086
2.414536 -0.937055 -0.931091 -0.373623 -0.365724
2.421855 -0.936958 -0.931144 -0.373067 -0.365358
2.429173 -0.936863 -0.931197 -0.372512 -0.364989
2.436491 -0.936770 -0.931247 -0.371958 -0.364618
2.443810 -0.936680 -0.931297 -0.371406 -0.364244
2.451128 -0.936592 -0.931345 -0.370856 -0.363867
2.458446 -0.936506 -0.931392 -0.370307 -0.363488
2.465764 -0.936422 -0.931438 -0.369759 -0.363107
2.473083 -0.936340 -0.931483 -0.369213 -0.362723
2.480401 -0.936260 -0.931527 -0.368669 -0.362337
2.487719 -0.936182 -0.931570 -0.368126 -0.361949
2.495038 -0.936106 -0.931611 -0.367585 -0.361559
2.502356 -0.936031 -0.931652 -0.367045 -0.361167
2.509674 -0.935959 -0.931692 -0.366508 -0.360773
2.516992 -0.935888 -0.931730 -0.365971 -0.360378
2.524311 -0.935819 -0.931768 -0.365436 -0.359981
2.531629 -0.935751 -0.931805 -0.364903 -0.359583
2.538947 -0.935686 -0.931840 -0.364372 -0.359183
2.546266 -0.935621 -0.931875 -0.363842 -0.358781
2.553584 -0.935559 -0.931909 -0.363315 -0.358379
2.560902 -0.935498 -0.931942 -0.362788 -0.357975
2.568221 -0.935438 -0.931975 -0.362264 -0.357570
2.575539 -0.935380 -0.932006 -0.361741 -0.357164
2.582857 -0.935323 -0.932037 -0.361220 -0.356757
2.590175 -0.935268 -0.932067 -0.360701 -0.356349
2.597494 -0.935214 -0.932096 -0.360183 -0.355940
2.604812 -0.935162 -0.932125 -0.359667 -0.355531
2.612130 -0.935110 -0.932152 -0.359153 -0.355120
2.619449 -0.935060 -0.932180 -0.358641 -0.354709
2.626767 -0.935011 -0.932206 -0.358131 -0.354298
2.634085 -0.934964 -0.932232 -0.357622 -0.353886
2.641404 -0.934917 -0.932257 -0.357115 -0.353473
2.648722 -0.934872 -0.932281 -0.356610 -0.353060
2.656040 -0.934828 -0.932305 -0.356107 -0.352647
2.663358 -0.934785 -0.932328 -0.355605 -0.352233
2.670677 -0.934743 -0.932351 -0.355106 -0.351819
2.677995 -0.934702 -0.932373 -0.354608 -0.351405
2.685313 -0.934662 -0.932394 -0.354112 -0.350990
2.692632 -0.934623 -0.932415 -0.353618 -0.350576
2.699950 -0.934585 -0.932435 -0.353126 -0.350161
2.707268 -0.934548 -0.932455 -0.352635 -0.349746
2.714586 -0.934511 -0.932474 -0.352147 -0.349332
2.721905 -0.934476 -0.932493 -0.351660 -0.348917
2.729223 -0.934442 -0.932511 -0.351175 -0.348503
2.736541 -0.934408 -0.932529 -0.350692 -0.348088
2.743860 -0.934376 -0.932547 -0.350210 -0.347674
2.751178 -0.934344 -0.932564 -0.349731 -0.347260
2.758496 -0.934313 -0.932580 -0.349253 -0.346846
2.765815 -0.934283 -0.932596 -0.348778 -0.346433
2.773133 -0.934253 -0.932612 -0.348304 -0.346020
2.780451 -0.934224 -0.932627 -0.347832 -0.345607
2.787769 -0.934196 -0.932642 -0.347361 -0.345195
2.795088 -0.934169 -0.932656 -0.346893 -0.344783
2.802406 -0.934142 -0.932670 -0.346426 -0.344371
2.809724 -0.934116 -0.932684 -0.345962 -0.343960
2.817043 -0.934091 -0.932697 -0.345499 -0.343550
2.824361 -0.934067 -0.932710 -0.345038 -0.343140
2.831679 -0.934042 -0.932723 -0.344578 -0.342731
2.838997 -0.934019 -0.932735 -0.344121 -0.342322
2.846316 -0.933996 -0.932747 -0.343665 -0.341914
2.853634 -0.933974 -0.932759 -0.343212 -0.341506
2.860952 -0.933952 -0.932770 -0.342760 -0.341099
2.868271 -0.933931 -0.932781 -0.342310 -0.340693
2.875589 -0.933911 -0.932792 -0.341861 -0.340288
2.882907 -0.933891 -0.932803 -0.341415 -0.339883
2.890226 -0.933871 -0.932813 -0.340970 -0.339479
2.897544 -0.933852 -0.932823 -0.340527 -0.339076
2.904862 -0.933833 -0.932832 -0.340086 -0.338673
2.912180 -0.933815 -0.932842 -0.339647 -0.338272
2.919499 -0.933798 -0.932851 -0.339209 -0.337871
2.926817 -0.933781 -0.932860 -0.338774 -0.337471
2.934135 -0.933764 -0.932868 -0.338340 -0.337072
2.941454 -0.933748 -0.932877 -0.337907 -0.336674
2.948772 -0.933732 -0.932885 -0.337477 -0.336277
2.956090 -0.933716 -0.932893 -0.337048 -0.335881
2.963409 -0.933701 -0.932901 -0.336622 -0.335486
2.970727 -0.933687 -0.932908 -0.336196 -0.335091
2.978045 -0.933672 -0.932916 -0.335773 -0.334698
2.985363 -0.933659 -0.932923 -0.335351 -0.334305
2.992682 -0.933645 -0.932930 -0.334932 -0.333914
3.000000 -0.933632 -0.932936 -0.334513 -0.333524
