0.000000 -5.656854 -4.000000 -4.000000 -0.000000 0.000000 0.000000 0.000000 0.000000 0.000000 0.000000 0.000000 0.000000 0.000000 4.000000 4.000000 5.656854
0.040404 -5.576623 -4.000000 -4.000000 -0.161616 -0.161616 -0.000000 -0.000000 0.000000 0.000000 0.000000 0.000000 0.000000 0.161616 4.000000 4.000000 5.738239
0.080808 -5.497546 -4.000000 -4.000000 -0.323232 -0.323232 -0.000000 -0.000000 -0.000000 0.000000 0.000000 0.000000 0.000000 0.323232 4.000000 4.000000 5.820779
0.121212 -5.419622 -4.000000 -4.000000 -0.484848 -0.484848 -0.000000 -0.000000 -0.000000 -0.000000 0.000000 0.000000 0.000000 0.484848 4.000000 4.000000 5.904471
0.161616 -5.342849 -4.000000 -4.000000 -0.646465 -0.646465 -0.000000 -0.000000 0.000000 0.000000 0.000000 0.000000 0.000000 0.646465 4.000000 4.000000 5.989314
0.202020 -5.267225 -4.000000 -4.000000 -0.808081 -0.808081 -0.000000 -0.000000 0.000000 0.000000 0.000000 0.000000 0.000000 0.808081 4.000000 4.000000 6.075306
0.242424 -5.192746 -4.000000 -4.000000 -0.969697 -0.969697 -0.000000 -0.000000 0.000000 0.000000 0.000000 0.000000 0.000000 0.969697 4.000000 4.000000 6.162443
0.282828 -5.119409 -4.000000 -4.000000 -1.131313 -1.131313 -0.000000 -0.000000 0.000000 0.000000 0.000000 0.000000 0.000000 1.131313 4.000000 4.000000 6.250722
0.323232 -5.047209 -4.000000 -4.000000 -1.292929 -1.292929 -0.000000 -0.000000 0.000000 0.000000 0.000000 0.000000 0.000000 1.292929 4.000000 4.000000 6.340138
0.363636 -4.976141 -4.000000 -4.000000 -1.454545 -1.454545 -0.000000 -0.000000 0.000000 0.000000 0.000000 0.000000 0.000000 1.454545 4.000000 4.000000 6.430686
0.404040 -4.906199 -4.000000 -4.000000 -1.616162 -1.616162 -0.000000 0.000000 0.000000 0.000000 0.000000 0.000000 0.000000 1.616162 4.000000 4.000000 6.522361
0.444444 -4.837377 -4.000000 -4.000000 -1.777778 -1.777778 -0.000000 -0.000000 -0.000000 0.000000 0.000000 0.000000 0.000000 1.777778 4.000000 4.000000 6.615155
0.484848 -4.769668 -4.000000 -4.000000 -1.939394 -1.939394 -0.000000 -0.000000 -0.000000 0.000000 0.000000 0.000000 0.000000 1.939394 4.000000 4.000000 6.709062
0.525253 -4.703064 -4.000000 -4.000000 -2.101010 -2.101010 -0.000000 -0.000000 -0.000000 -0.000000 0.000000 0.000000 0.000000 2.101010 4.000000 4.000000 6.804074
0.565657 -4.637558 -4.000000 -4.000000 -2.262626 -2.262626 -0.000000 -0.000000 -0.000000 0.000000 0.000000 0.000000 0.000000 2.262626 4.000000 4.000000 6.900184
0.606061 -4.573139 -4.000000 -4.000000 -2.424242 -2.424242 -0.000000 -0.000000 -0.000000 0.000000 0.000000 0.000000 0.000000 2.424242 4.000000 4.000000 6.997382
0.646465 -4.509800 -4.000000 -4.000000 -2.585859 -2.585859 -0.000000 0.000000 0.000000 0.000000 0.000000 0.000000 0.000000 2.585859 4.000000 4.000000 7.095658
0.686869 -4.447530 -4.000000 -4.000000 -2.747475 -2.747475 -0.000000 -0.000000 -0.000000 -0.000000 0.000000 0.000000 0.000000 2.747475 4.000000 4.000000 7.195005
0.727273 -4.386319 -4.000000 -4.000000 -2.909091 -2.909091 -0.000000 -0.000000 -0.000000 -0.000000 -0.000000 0.000000 0.000000 2.909091 4.000000 4.000000 7.295410
0.767677 -4.326157 -4.000000 -4.000000 -3.070707 -3.070707 -0.000000 -0.000000 -0.000000 0.000000 0.000000 0.000000 0.000000 3.070707 4.000000 4.000000 7.396864
0.808081 -4.267033 -4.000000 -4.000000 -3.232323 -3.232323 -0.000000 0.000000 0.000000 0.000000 0.000000 0.000000 0.000000 3.232323 4.000000 4.000000 7.499356
0.848485 -4.208935 -4.000000 -4.000000 -3.393939 -3.393939 -0.000000 -0.000000 -0.000000 0.000000 0.000000 0.000000 0.000000 3.393939 4.000000 4.000000 7.602874
0.888889 -4.151851 -4.000000 -4.000000 -3.555556 -3.555556 -0.000000 -0.000000 -0.000000 -0.000000 0.000000 0.000000 0.000000 3.555556 4.000000 4.000000 7.707406
0.929293 -4.095769 -4.000000 -4.000000 -3.717172 -3.717172 -0.000000 -0.000000 -0.000000 0.000000 0.000000 0.000000 0.000000 3.717172 4.000000 4.000000 7.812941
0.969697 -4.040677 -4.000000 -4.000000 -3.878788 -3.878788 -0.000000 -0.000000 -0.000000 0.000000 0.000000 0.000000 0.000000 3.878788 4.000000 4.000000 7.919465
1.010101 -4.040404 -4.040404 -4.000000 -4.000000 -3.986562 -0.000000 0.000000 0.000000 0.000000 0.000000 0.000000 0.000000 4.000000 4.000000 4.040404 8.026966
1.050505 -4.202020 -4.202020 -4.000000 -4.000000 -3.933411 -0.000000 -0.000000 -0.000000 -0.000000 0.000000 0.000000 0.000000 4.000000 4.000000 4.202020 8.135432
1.090909 -4.363636 -4.363636 -4.000000 -4.000000 -3.881212 -0.000000 -0.000000 0.000000 0.000000 0.000000 0.000000 0.000000 4.000000 4.000000 4.363636 8.244848
1.131313 -4.525253 -4.525253 -4.000000 -4.000000 -3.829949 -0.000000 -0.000000 0.000000 0.000000 0.000000 0.000000 0.000000 4.000000 4.000000 4.525253 8.355202
1.171717 -4.686869 -4.686869 -4.000000 -4.000000 -3.779611 -0.000000 -0.000000 0.000000 0.000000 0.000000 0.000000 0.000000 4.000000 4.000000 4.686869 8.466480
1.212121 -4.848485 -4.848485 -4.000000 -4.000000 -3.730183 -0.000000 -0.000000 0.000000 0.000000 0.000000 0.000000 0.000000 4.000000 4.000000 4.848485 8.578668
1.252525 -5.010101 -5.010101 -4.000000 -4.000000 -3.681651 -0.000000 -0.000000 -0.000000 0.000000 0.000000 0.000000 0.000000 4.000000 4.000000 5.010101 8.691752
1.292929 -5.171717 -5.171717 -4.000000 -4.000000 -3.634002 -0.000000 -0.000000 0.000000 0.000000 0.000000 0.000000 0.000000 4.000000 4.000000 5.171717 8.805719
1.333333 -5.333333 -5.333333 -4.000000 -4.000000 -3.587221 -0.000000 -0.000000 -0.000000 0.000000 0.000000 0.000000 0.000000 4.000000 4.000000 5.333333 8.920554
1.373737 -5.494949 -5.494949 -4.000000 -4.000000 -3.541294 -0.000000 -0.000000 -0.000000 0.000000 0.000000 0.000000 0.000000 4.000000 4.000000 5.494949 9.036244
1.414141 -5.656566 -5.656566 -4.000000 -4.000000 -3.496208 -0.000000 -0.000000 0.000000 0.000000 0.000000 0.000000 0.000000 4.000000 4.000000 5.656566 9.152774
1.454545 -5.818182 -5.818182 -4.000000 -4.000000 -3.451948 -0.000000 -0.000000 0.000000 0.000000 0.000000 0.000000 0.000000 4.000000 4.000000 5.818182 9.270129
1.494949 -5.979798 -5.979798 -4.000000 -4.000000 -3.408499 -0.000000 -0.000000 -0.000000 -0.000000 0.000000 0.000000 0.000000 4.000000 4.000000 5.979798 9.388297
1.535354 -6.141414 -6.141414 -4.000000 -4.000000 -3.365848 -0.000000 -0.000000 -0.000000 0.000000 0.000000 0.000000 0.000000 4.000000 4.000000 6.141414 9.507262
1.575758 -6.303030 -6.303030 -4.000000 -4.000000 -3.323981 -0.000000 0.000000 0.000000 0.000000 0.000000 0.000000 0.000000 4.000000 4.000000 6.303030 9.627011
1.616162 -6.464646 -6.464646 -4.000000 -4.000000 -3.282883 -0.000000 0.000000 0.000000 0.000000 0.000000 0.000000 0.000000 4.000000 4.000000 6.464646 9.747530
1.656566 -6.626263 -6.626263 -4.000000 -4.000000 -3.242541 -0.000000 -0.000000 -0.000000 0.000000 0.000000 0.000000 0.000000 4.000000 4.000000 6.626263 9.868804
1.696970 -6.787879 -6.787879 -4.000000 -4.000000 -3.202941 -0.000000 -0.000000 -0.000000 0.000000 0.000000 0.000000 0.000000 4.000000 4.000000 6.787879 9.990819
1.737374 -6.949495 -6.949495 -4.000000 -4.000000 -3.164068 -0.000000 -0.000000 -0.000000 -0.000000 0.000000 0.000000 0.000000 4.000000 4.000000 6.949495 10.113563
1.777778 -7.111111 -7.111111 -4.000000 -4.000000 -3.125910 -0.000000 -0.000000 -0.000000 0.000000 0.000000 0.000000 0.000000 4.000000 4.000000 7.111111 10.237021
1.818182 -7.272727 -7.272727 -4.000000 -4.000000 -3.088452 -0.000000 -0.000000 -0.000000 0.000000 0.000000 0.000000 0.000000 4.000000 4.000000 7.272727 10.361179
1.858586 -7.434343 -7.434343 -4.000000 -4.000000 -3.051681 -0.000000 -0.000000 -0.000000 0.000000 0.000000 0.000000 0.000000 4.000000 4.000000 7.434343 10.486024
1.898990 -7.595960 -7.595960 -4.000000 -4.000000 -3.015584 -0.000000 -0.000000 0.000000 0.000000 0.000000 0.000000 0.000000 4.000000 4.000000 7.595960 10.611544
1.939394 -7.757576 -7.757576 -4.000000 -4.000000 -2.980148 -0.000000 -0.000000 -0.000000 -0.000000 0.000000 0.000000 0.000000 4.000000 4.000000 7.757576 10.737723
1.979798 -7.919192 -7.919192 -4.000000 -4.000000 -2.945359 -0.000000 -0.000000 0.000000 0.000000 0.000000 0.000000 0.000000 4.000000 4.000000 7.919192 10.864551
2.020202 -8.080808 -8.080808 -4.000000 -4.000000 -2.911205 -0.000000 -0.000000 -0.000000 -0.000000 0.000000 0.000000 0.000000 4.000000 4.000000 8.080808 10.992013
2.060606 -8.242424 -8.242424 -4.000000 -4.000000 -2.877673 -0.000000 -0.000000 -0.000000 -0.000000 0.000000 0.000000 0.000000 4.000000 4.000000 8.242424 11.120097
2.101010 -8.404040 -8.404040 -4.000000 -4.000000 -2.844750 -0.000000 -0.000000 0.000000 0.000000 0.000000 0.000000 0.000000 4.000000 4.000000 8.404040 11.248791
2.141414 -8.565657 -8.565657 -4.000000 -4.000000 -2.812425 -0.000000 -0.000000 -0.000000 0.000000 0.000000 0.000000 0.000000 4.000000 4.000000 8.565657 11.378081
2.181818 -8.727273 -8.727273 -4.000000 -4.000000 -2.780685 -0.000000 0.000000 0.000000 0.000000 0.000000 0.000000 0.000000 4.000000 4.000000 8.727273 11.507957
2.222222 -8.888889 -8.888889 -4.000000 -4.000000 -2.749517 -0.000000 -0.000000 -0.000000 0.000000 0.000000 0.000000 0.000000 4.000000 4.000000 8.888889 11.638406
2.262626 -9.050505 -9.050505 -4.000000 -4.000000 -2.718911 -0.000000 -0.000000 -0.000000 0.000000 0.000000 0.000000 0.000000 4.000000 4.000000 9.050505 11.769416
2.303030 -9.212121 -9.212121 -4.000000 -4.000000 -2.688855 -0.000000 -0.000000 -0.000000 0.000000 0.000000 0.000000 0.000000 4.000000 4.000000 9.212121 11.900976
2.343434 -9.373737 -9.373737 -4.000000 -4.000000 -2.659337 -0.000000 -0.000000 -0.000000 -0.000000 0.000000 0.000000 0.000000 4.000000 4.000000 9.373737 12.033074
2.383838 -9.535354 -9.535354 -4.000000 -4.000000 -2.630346 -0.000000 -0.000000 -0.000000 0.000000 0.000000 0.000000 0.000000 4.000000 4.000000 9.535354 12.165700
2.424242 -9.696970 -9.696970 -4.000000 -4.000000 -2.601871 -0.000000 -0.000000 -0.000000 0.000000 0.000000 0.000000 0.000000 4.000000 4.000000 9.696970 12.298841
2.464646 -9.858586 -9.858586 -4.000000 -4.000000 -2.573902 -0.000000 -0.000000 0.000000 0.000000 0.000000 0.000000 0.000000 4.000000 4.000000 9.858586 12.432488
2.505051 -10.020202 -10.020202 -4.000000 -4.000000 -2.546427 -0.000000 -0.000000 0.000000 0.000000 0.000000 0.000000 0.000000 4.000000 4.000000 10.020202 12.566629
2.545455 -10.181818 -10.181818 -4.000000 -4.000000 -2.519436 -0.000000 -0.000000 -0.000000 0.000000 0.000000 0.000000 0.000000 4.000000 4.000000 10.181818 12.701254
2.585859 -10.343434 -10.343434 -4.000000 -4.000000 -2.492920 -0.000000 -0.000000 -0.000000 0.000000 0.000000 0.000000 0.000000 4.000000 4.000000 10.343434 12.836354
2.626263 -10.505051 -10.505051 -4.000000 -4.000000 -2.466867 -0.000000 -0.000000 -0.000000 0.000000 0.000000 0.000000 0.000000 4.000000 4.000000 10.505051 12.971918
2.666667 -10.666667 -10.666667 -4.000000 -4.000000 -2.441269 -0.000000 -0.000000 -0.000000 -0.000000 0.000000 0.000000 0.000000 4.000000 4.000000 10.666667 13.107936
2.707071 -10.828283 -10.828283 -4.000000 -4.000000 -2.416116 -0.000000 -0.000000 -0.000000 -0.000000 0.000000 0.000000 0.000000 4.000000 4.000000 10.828283 13.244399
2.747475 -10.989899 -10.989899 -4.000000 -4.000000 -2.391398 -0.000000 -0.000000 -0.000000 0.000000 0.000000 0.000000 0.000000 4.000000 4.000000 10.989899 13.381297
2.787879 -11.151515 -11.151515 -4.000000 -4.000000 -2.367105 -0.000000 -0.000000 0.000000 0.000000 0.000000 0.000000 0.000000 4.000000 4.000000 11.151515 13.518621
2.828283 -11.313131 -11.313131 -4.000000 -4.000000 -2.343230 -0.000000 -0.000000 -0.000000 0.000000 0.000000 0.000000 0.000000 4.000000 4.000000 11.313131 13.656362
2.868687 -11.474747 -11.474747 -4.000000 -4.000000 -2.319763 -0.000000 0.000000 0.000000 0.000000 0.000000 0.000000 0.000000 4.000000 4.000000 11.474747 13.794511
2.909091 -11.636364 -11.636364 -4.000000 -4.000000 -2.296696 -0.000000 -0.000000 0.000000 0.000000 0.000000 0.000000 0.000000 4.000000 4.000000 11.636364 13.933059
2.949495 -11.797980 -11.797980 -4.000000 -4.000000 -2.274019 -0.000000 -0.000000 -0.000000 -0.000000 0.000000 0.000000 0.000000 4.000000 4.000000 11.797980 14.071999
2.989899 -11.959596 -11.959596 -4.000000 -4.000000 -2.251726 -0.000000 -0.000000 -0.000000 -0.000000 0.000000 0.000000 0.000000 4.000000 4.000000 11.959596 14.211322
3.030303 -12.121212 -12.121212 -4.000000 -4.000000 -2.229807 -0.000000 -0.000000 0.000000 0.000000 0.000000 0.000000 0.000000 4.000000 4.000000 12.121212 14.351019
3.070707 -12.282828 -12.282828 -4.000000 -4.000000 -2.208255 -0.000000 -0.000000 -0.000000 -0.000000 0.000000 0.000000 0.000000 4.000000 4.000000 12.282828 14.491083
3.111111 -12.444444 -12.444444 -4.000000 -4.000000 -2.187061 -0.000000 -0.000000 -0.000000 -0.000000 0.000000 0.000000 0.000000 4.000000 4.000000 12.444444 14.631506
3.151515 -12.606061 -12.606061 -4.000000 -4.000000 -2.166219 -0.000000 -0.000000 0.000000 0.000000 0.000000 0.000000 0.000000 4.000000 4.000000 12.606061 14.772280
3.191919 -12.767677 -12.767677 -4.000000 -4.000000 -2.145722 -0.000000 -0.000000 -0.000000 0.000000 0.000000 0.000000 0.000000 4.000000 4.000000 12.767677 14.913398
3.232323 -12.929293 -12.929293 -4.000000 -4.000000 -2.125560 -0.000000 -0.000000 0.000000 0.000000 0.000000 0.000000 0.000000 4.000000 4.000000 12.929293 15.054853
3.272727 -13.090909 -13.090909 -4.000000 -4.000000 -2.105729 -0.000000 -0.000000 -0.000000 -0.000000 0.000000 0.000000 0.000000 4.000000 4.000000 13.090909 15.196638
3.313131 -13.252525 -13.252525 -4.000000 -4.000000 -2.086220 -0.000000 -0.000000 -0.000000 0.000000 0.000000 0.000000 0.000000 4.000000 4.000000 13.252525 15.338745
3.353535 -13.414141 -13.414141 -4.000000 -4.000000 -2.067027 -0.000000 -0.000000 -0.000000 0.000000 0.000000 0.000000 0.000000 4.000000 4.000000 13.414141 15.481169
3.393939 -13.575758 -13.575758 -4.000000 -4.000000 -2.048144 -0.000000 0.000000 0.000000 0.000000 0.000000 0.000000 0.000000 4.000000 4.000000 13.575758 15.623902
3.434343 -13.737374 -13.737374 -4.000000 -4.000000 -2.029563 -0.000000 -0.000000 -0.000000 0.000000 0.000000 0.000000 0.000000 4.000000 4.000000 13.737374 15.766937
3.474747 -13.898990 -13.898990 -4.000000 -4.000000 -2.011280 -0.000000 -0.000000 -0.000000 0.000000 0.000000 0.000000 0.000000 4.000000 4.000000 13.898990 15.910269
3.515152 -14.060606 -14.060606 -4.000000 -4.000000 -1.993286 -0.000000 -0.000000 0.000000 0.000000 0.000000 0.000000 0.000000 4.000000 4.000000 14.060606 16.053892
3.555556 -14.222222 -14.222222 -4.000000 -4.000000 -1.975577 -0.000000 0.000000 0.000000 0.000000 0.000000 0.000000 0.000000 4.000000 4.000000 14.222222 16.197799
3.595960 -14.383838 -14.383838 -4.000000 -4.000000 -1.958146 -0.000000 -0.000000 0.000000 0.000000 0.000000 0.000000 0.000000 4.000000 4.000000 14.383838 16.341985
3.636364 -14.545455 -14.545455 -4.000000 -4.000000 -1.940989 -0.000000 -0.000000 -0.000000 0.000000 0.000000 0.000000 0.000000 4.000000 4.000000 14.545455 16.486443
3.676768 -14.707071 -14.707071 -4.000000 -4.000000 -1.924098 -0.000000 -0.000000 0.000000 0.000000 0.000000 0.000000 0.000000 4.000000 4.000000 14.707071 16.631169
3.717172 -14.868687 -14.868687 -4.000000 -4.000000 -1.907469 -0.000000 -0.000000 0.000000 0.000000 0.000000 0.000000 0.000000 4.000000 4.000000 14.868687 16.776156
3.757576 -15.030303 -15.030303 -4.000000 -4.000000 -1.891097 -0.000000 -0.000000 0.000000 0.000000 0.000000 0.000000 0.000000 4.000000 4.000000 15.030303 16.921400
3.797980 -15.191919 -15.191919 -4.000000 -4.000000 -1.874975 -0.000000 -0.000000 -0.000000 0.000000 0.000000 0.000000 0.000000 4.000000 4.000000 15.191919 17.066894
3.838384 -15.353535 -15.353535 -4.000000 -4.000000 -1.859099 -0.000000 -0.000000 -0.000000 0.000000 0.000000 0.000000 0.000000 4.000000 4.000000 15.353535 17.212635
3.878788 -15.515152 -15.515152 -4.000000 -4.000000 -1.843465 -0.000000 -0.000000 -0.000000 0.000000 0.000000 0.000000 0.000000 4.000000 4.000000 15.515152 17.358616
3.919192 -15.676768 -15.676768 -4.000000 -4.000000 -1.828066 -0.000000 -0.000000 -0.000000 -0.000000 0.000000 0.000000 0.000000 4.000000 4.000000 15.676768 17.504834
3.959596 -15.838384 -15.838384 -4.000000 -4.000000 -1.812899 -0.000000 -0.000000 -0.000000 0.000000 0.000000 0.000000 0.000000 4.000000 4.000000 15.838384 17.651283
4.000000 -16.000000 -16.000000 -4.000000 -4.000000 -1.797959 -0.000000 -0.000000 -0.000000 0.000000 0.000000 0.000000 0.000000 4.000000 4.000000 16.000000 17.797959
